5,8,9,21,22,30,45
7,10,11,17,19,34,45
4,9,19,21,27,41,44
15,16,21,27,28,33,39
7,8,18,28,31,36,41
4,8,12,26,29,33,37
12,21,26,35,39,44,50
10,13,15,17,33,37,46
9,10,22,29,35,37,46
2,3,8,10,42,46,47
9,14,33,40,41,43,44
3,4,7,14,24,41,43
4,5,10,34,36,44,50
7,8,18,27,38,48,50
6,14,23,31,34,35,42
2,5,14,26,33,35,36
8,12,15,27,31,42,47
1,2,7,32,45,46,48
14,17,20,24,42,47,50
2,10,25,36,46,48,50
2,28,34,37,40,46,47
5,9,20,31,37,49,50
2,5,8,9,24,28,32
6,29,39,40,42,44,48
7,9,18,24,25,31,48
5,7,11,18,26,41,46
13,19,23,26,36,39,47
3,7,13,14,20,21,45
20,22,25,31,34,37,46
10,11,13,20,24,44,46
6,10,16,17,30,38,48
5,13,15,20,45,48,49
4,9,19,22,23,32,41
3,11,14,29,33,38,45
5,6,14,17,31,40,48
5,19,25,31,34,38,48
1,3,5,6,14,18,34
12,20,21,27,36,40,42
6,23,24,43,44,49,50
10,12,22,24,31,40,41
6,18,22,40,41,43,46
6,18,27,30,31,43,48
7,13,33,40,44,49,50
1,10,16,36,39,45,47
20,26,30,32,36,40,48
4,14,20,36,38,42,45
18,19,22,27,30,38,50
2,10,19,21,29,35,40
4,12,28,36,38,45,50
15,21,26,35,36,43,45
4,6,15,16,35,43,44
7,19,20,30,34,47,50
3,5,8,25,29,32,43
5,13,18,25,34,36,44
1,7,20,27,30,35,48
1,8,17,22,39,45,46
10,11,20,21,27,32,49
10,14,16,27,35,40,50
2,8,9,16,27,37,38
3,13,19,43,46,47,50
22,27,29,35,39,45,46
13,15,21,35,36,42,47
10,17,19,25,28,34,41
9,12,13,25,27,44,48
1,2,11,19,27,28,36
14,20,21,24,26,35,44
3,10,19,27,33,37,38
7,9,11,16,17,20,33
2,6,13,31,35,37,39
2,10,15,16,31,34,43
5,6,7,24,27,29,32
13,16,27,39,43,45,50
2,17,20,22,32,33,47
3,6,22,30,32,40,46
8,21,29,31,37,38,41
9,14,21,26,29,32,41
6,17,26,29,30,39,49
20,24,31,33,36,41,49
4,6,9,21,40,42,43
2,10,16,18,22,44,50
2,7,10,14,27,32,35
1,12,13,24,28,36,39
2,16,25,38,40,41,44
1,2,9,22,26,32,47
7,16,22,28,30,34,41
20,26,28,29,35,39,47
3,15,23,24,31,33,47
7,8,23,30,32,33,49
6,12,13,21,24,30,47
8,12,19,20,26,32,46
7,20,24,33,44,48,49
10,11,13,20,22,27,48
2,9,20,27,40,45,49
11,12,28,32,36,38,41
4,6,8,16,21,36,50
1,11,21,38,40,43,45
4,8,26,32,35,36,37
2,4,11,16,25,29,47
9,12,13,15,29,30,41
5,16,22,24,31,33,38
5,16,18,20,23,28,39
4,6,10,22,32,39,50
6,7,10,14,28,29,46
4,17,25,38,41,46,50
4,5,9,15,33,37,42
2,11,12,21,24,38,39
5,7,12,18,33,40,50
13,28,30,34,40,45,49
11,16,22,25,31,41,44
7,12,13,30,38,46,48
3,18,26,28,37,39,40
1,4,11,35,42,45,49
3,8,15,29,34,38,39
4,12,14,16,27,35,41
1,3,17,18,20,23,29
10,11,18,26,36,40,49
6,7,8,11,35,41,44
19,22,29,33,41,45,50
2,6,14,19,25,27,44
1,10,11,16,19,23,39
1,5,11,12,13,23,33
3,11,28,40,43,44,45
8,12,32,33,34,46,47
17,19,32,34,37,44,45
5,11,29,31,38,39,49
3,30,39,44,45,47,49
2,3,12,15,32,33,36
5,6,12,15,18,34,37
1,4,18,19,23,28,29
2,6,9,21,22,32,43
1,6,9,11,31,39,50
1,4,6,7,34,40,46
5,13,27,28,32,45,50
10,15,18,27,28,32,43
2,4,14,28,29,30,43
3,22,32,43,46,47,48
3,5,16,20,31,34,38
5,8,18,21,23,31,48
2,3,23,36,38,40,48
7,14,17,26,29,38,39
6,7,14,15,28,39,42
15,19,22,28,34,36,46
17,25,30,35,36,44,50
4,5,22,30,44,46,50
4,8,18,24,26,35,46
11,23,36,38,42,43,49
1,14,17,19,23,42,48
21,24,25,26,31,42,43
2,7,19,28,36,37,44
3,16,19,21,24,40,46
22,24,31,33,39,45,46
3,15,20,21,23,24,34
1,3,6,19,21,33,47
2,4,7,25,33,43,49
15,17,23,32,38,46,47
14,18,22,25,34,40,46
8,16,24,28,40,41,47
1,4,23,24,31,40,48
4,19,29,34,41,44,46
13,16,18,29,35,36,49
5,8,16,32,36,41,42
10,16,21,29,42,44,50
7,9,14,18,22,32,42
1,6,12,18,26,27,40
7,11,21,22,24,26,35
4,9,25,31,41,48,49
11,20,27,28,32,36,50
2,9,10,14,42,43,44
5,6,7,18,22,34,36
1,2,12,20,24,26,28
3,6,11,24,29,45,50
9,10,16,29,36,37,50
3,6,9,25,30,36,42
1,11,13,17,42,45,49
8,16,19,25,30,33,47
2,3,4,13,21,35,38
1,2,13,15,20,21,45
2,6,22,23,28,30,42
8,9,11,23,25,32,34
3,4,8,10,38,43,47
4,12,15,22,36,44,46
1,18,25,26,30,34,39
2,24,25,28,36,37,46
7,13,30,34,37,38,42
2,23,28,30,31,33,37
9,14,15,19,45,47,50
7,12,15,16,35,45,48
4,6,16,19,29,31,44
5,7,9,10,19,24,40
22,23,25,26,35,40,44
6,17,25,28,30,34,36
4,15,16,17,23,27,47
3,18,19,21,25,46,50
2,7,15,16,18,19,25
8,17,20,23,28,31,33
5,6,12,28,33,41,47
4,17,20,23,25,27,41
1,7,10,15,30,34,47
2,12,19,26,34,44,46
3,7,13,20,22,25,47
12,13,19,26,33,39,43
4,7,13,20,24,30,48
1,2,11,27,31,35,44
6,7,9,12,13,32,37
15,22,25,29,30,31,34
8,20,23,26,38,45,47
1,7,15,30,36,37,46
13,17,19,22,26,28,40
7,12,17,18,37,38,45
2,7,12,19,38,42,50
1,7,29,36,40,42,50
13,15,20,29,31,48,49
7,8,23,28,29,31,37
7,19,22,34,44,46,49
2,11,16,21,32,44,47
2,13,26,28,30,43,46
4,17,26,28,29,41,48
15,16,17,18,43,44,48
4,8,14,25,28,40,41
2,4,5,15,29,40,49
3,11,23,27,39,44,48
5,16,23,24,31,40,48
12,13,28,32,34,35,40
2,9,20,21,23,32,43
1,13,19,26,35,42,49
1,9,25,31,34,35,38
8,19,21,29,33,40,46
5,10,24,30,32,43,48
11,20,30,34,41,47,49
1,2,8,12,24,44,45
7,10,12,31,37,42,44
4,7,13,16,31,32,39
1,12,16,21,29,43,49
13,14,18,19,25,29,38
2,7,9,12,21,30,37
1,7,10,18,23,24,34
12,13,35,41,42,44,47
11,13,19,25,28,46,49
4,5,20,26,28,29,48
18,19,31,33,35,40,50
8,16,22,24,25,30,32
2,12,22,30,32,35,36
1,2,12,15,35,39,45
4,19,21,33,37,38,39
7,8,18,26,33,42,46
5,7,16,20,26,30,36
17,25,28,30,34,46,49
4,5,11,12,31,43,44
15,26,34,41,44,45,46
6,15,29,32,36,45,48
1,3,26,28,36,47,50
5,9,12,19,21,22,49
5,9,14,23,32,33,46
7,15,17,20,32,40,50
5,15,17,22,25,37,46
4,15,17,24,27,32,41
18,19,31,36,38,41,43
1,16,26,28,31,44,45
10,14,20,37,42,44,46
1,3,8,24,35,42,43
1,11,15,21,35,48,49
2,14,26,31,35,39,49
10,12,23,26,39,41,45
9,15,21,28,31,36,38
6,16,22,23,28,29,34
1,13,26,30,37,42,50
7,10,15,17,25,39,45
2,6,16,23,40,41,48
4,5,9,13,29,30,35
10,20,25,29,35,42,45
9,16,17,19,30,38,49
1,2,5,6,16,30,45
3,16,17,23,35,37,47
10,16,18,33,34,37,45
7,14,20,24,35,40,50
9,25,32,34,37,46,50
6,26,32,37,38,39,46
5,6,13,16,31,32,35
7,17,20,22,31,36,48
3,8,9,20,22,36,50
6,22,25,42,43,45,48
12,13,14,31,35,39,50
2,18,20,22,34,43,48
1,2,3,14,17,19,41
4,9,14,18,24,30,45
1,7,8,19,32,38,39
3,6,7,10,25,30,37
2,10,12,18,19,21,34
3,5,11,17,26,42,49
9,12,13,22,25,35,47
5,23,34,35,46,47,50
4,7,14,18,26,40,42
4,8,25,27,32,33,34
2,23,27,34,43,46,49
12,17,29,30,38,40,50
3,6,19,23,26,28,43
1,9,25,35,41,43,50
12,14,23,25,39,40,44
2,24,27,31,40,43,46
3,19,33,36,39,40,42
7,23,28,31,32,39,40
10,18,21,22,37,40,46
9,14,36,37,38,40,48
10,12,13,26,29,39,46
15,17,21,24,28,32,43
9,10,11,20,24,31,48
2,13,24,34,39,40,46
9,10,14,32,35,36,46
1,2,15,18,29,32,36
16,22,28,30,41,46,47
8,17,21,31,34,37,39
5,8,12,23,39,41,48
3,11,22,26,29,46,48
9,13,14,19,37,43,50
5,20,26,33,35,46,48
1,2,9,21,32,33,43
4,10,28,36,40,44,47
16,19,25,26,27,33,45
7,16,19,33,36,48,49
4,5,15,18,22,28,32
7,14,17,18,19,23,41
3,8,9,15,21,27,31
1,9,19,34,37,39,49
6,9,17,19,31,34,46
4,7,12,18,29,47,49
8,11,15,16,26,29,40
7,12,14,18,46,47,49
12,29,33,35,38,41,46
1,11,13,14,25,36,47
8,19,22,41,42,46,47
3,9,17,19,20,44,50
2,4,5,22,32,40,50
1,10,12,21,30,39,40
11,17,18,25,36,41,50
8,14,16,17,19,22,24
6,13,17,20,28,36,44
2,16,17,21,38,43,45
6,13,23,27,35,44,50
4,9,21,22,27,31,34
12,26,30,31,35,39,45
5,6,20,29,42,44,47
10,35,38,40,45,47,48
2,22,37,38,39,42,47
6,15,18,19,20,27,28
3,6,11,18,19,28,41
6,11,22,24,27,29,33
8,9,19,32,37,46,48
3,10,15,31,35,38,42
13,14,23,30,34,36,42
1,6,10,27,42,45,50
1,6,18,21,30,32,37
3,5,7,19,32,34,50
1,2,14,15,21,26,29
14,24,34,39,43,48,50
7,10,18,29,38,43,50
7,17,32,34,39,45,47
3,7,16,18,27,32,37
14,16,20,26,33,36,48
5,7,12,18,26,29,46
3,7,12,17,23,38,40
5,7,12,22,28,43,47
10,12,13,18,25,26,37
2,4,14,18,24,46,47
5,6,28,36,40,46,50
2,4,17,28,35,44,46
3,13,26,27,28,36,45
2,3,8,11,12,37,49
19,26,28,36,40,42,48
1,10,12,30,33,34,36
16,29,32,34,38,39,47
5,15,19,22,37,46,47
9,14,24,26,29,39,49
3,7,8,10,34,43,47
11,13,18,20,23,30,40
10,14,21,26,28,36,50
2,15,25,28,30,35,38
2,4,7,10,14,21,34
1,3,24,25,27,36,47
4,5,31,39,42,45,50
7,8,13,20,25,26,48
7,25,30,35,38,40,49
11,12,21,27,32,43,49
3,11,24,25,29,32,42
13,23,26,27,28,38,47
9,14,16,33,39,46,49
3,21,22,26,28,44,49
17,21,27,32,45,46,49
9,16,19,24,27,34,40
7,18,22,35,37,43,45
4,7,8,22,24,30,49
9,26,30,35,37,42,50
14,17,25,27,31,32,34
1,13,14,17,25,28,41
5,6,7,17,26,29,42
4,6,7,10,17,27,44
2,8,16,17,19,26,42
2,10,11,17,19,32,42
7,13,18,30,33,37,41
1,5,17,18,38,41,48
2,8,10,14,21,36,40
2,11,19,33,44,45,47
12,26,28,32,41,43,50
14,17,20,24,25,38,48
7,11,13,30,38,40,43
5,16,19,21,23,31,36
2,10,18,19,25,42,48
4,8,15,39,40,42,48
2,5,8,18,23,31,35
5,13,28,35,41,49,50
4,8,11,14,15,34,45
3,6,10,26,29,35,45
17,24,27,33,38,41,48
11,28,38,40,43,45,48
5,8,31,36,41,42,43
1,2,4,10,27,33,45
3,11,23,26,31,42,50
9,10,13,25,41,47,49
1,24,26,29,30,45,50
2,6,21,31,34,39,45
5,16,18,33,37,38,39
1,14,17,20,28,32,38
14,18,19,32,35,38,41
14,15,24,43,44,48,49
4,5,9,15,24,36,48
4,12,18,19,22,25,44
5,12,13,32,36,40,48
7,8,13,21,35,38,45
2,13,15,19,38,39,46
13,17,24,26,33,46,48
2,6,12,13,17,36,48
11,21,32,33,38,40,44
10,14,25,26,38,41,50
6,14,35,37,40,43,46
6,17,22,23,32,37,47
10,13,18,33,36,45,47
7,11,22,28,33,44,49
11,14,15,24,34,43,47
2,8,12,13,14,36,43
20,21,25,33,38,44,45
1,9,14,24,26,37,42
2,3,16,28,31,42,47
6,20,21,28,38,43,47
7,18,22,40,44,46,50
6,9,11,19,24,38,46
5,6,25,31,32,44,48
5,9,18,27,32,38,40
3,18,19,24,26,27,45
14,15,20,32,35,38,50
1,8,17,21,35,39,46
1,23,27,33,39,45,49
2,14,27,30,31,35,43
7,11,14,26,27,29,36
1,3,4,11,19,24,42
7,10,11,19,22,30,37
1,13,19,27,42,49,50
15,16,18,19,22,44,47
1,19,28,29,31,33,43
2,14,24,25,35,44,45
30,32,33,34,37,45,49
12,22,25,30,37,38,45
2,4,16,24,25,27,49
5,6,12,28,29,36,46
2,7,8,26,30,43,48
8,15,25,27,33,39,44
5,12,15,23,28,38,39
3,7,16,22,29,31,42
6,9,23,25,31,36,48
9,29,30,36,42,46,49
11,17,19,22,27,31,40
3,13,14,20,30,45,49
1,5,10,18,20,40,42
1,6,12,21,34,37,47
2,5,10,11,14,23,33
4,12,16,17,33,36,44
1,2,23,32,35,36,45
17,24,27,34,38,42,48
9,11,20,22,33,36,46
26,37,42,44,46,49,50
11,21,23,25,28,41,43
23,31,34,38,40,45,50
5,23,31,35,36,37,43
4,12,13,15,18,30,50
4,21,24,25,26,27,42
1,16,21,24,35,37,39
18,21,28,29,31,32,49
8,12,23,25,29,43,46
8,12,16,30,38,48,50
4,29,30,37,38,43,44
2,9,10,22,31,35,49
1,4,20,33,44,45,49
9,21,30,33,38,39,46
5,13,14,21,36,37,43
5,7,14,23,24,46,47
1,4,9,15,18,24,31
9,15,35,41,42,45,46
6,8,13,27,41,46,47
11,17,29,33,39,40,42
6,18,21,30,31,34,38
3,4,7,19,44,48,49
4,6,18,27,28,30,40
7,9,19,20,26,32,35
5,7,14,21,26,34,49
19,20,23,31,37,46,48
2,9,11,29,33,39,44
2,8,20,21,29,34,37
8,27,30,44,46,47,50
1,4,8,10,12,17,41
3,10,13,19,21,45,49
4,6,12,30,32,33,34
4,5,9,19,28,34,44
7,12,16,26,40,45,49
4,6,9,15,22,24,28
1,7,9,28,38,48,50
8,9,37,38,40,43,49
2,11,22,25,32,40,44
1,5,6,24,27,28,32
4,15,16,17,35,46,50
6,12,19,27,30,32,44
7,18,22,26,35,41,50
2,9,29,30,31,35,37
5,8,9,28,32,48,50
1,21,34,38,39,40,46
1,2,5,11,20,30,39
1,2,16,32,44,46,50
3,22,37,39,41,43,44
9,17,22,33,36,45,46
9,21,26,28,30,37,44
18,24,25,30,31,33,48
8,16,19,22,28,31,38
7,10,11,24,39,43,48
17,20,27,29,37,39,41
7,22,26,35,46,47,49
5,11,15,18,20,24,46
3,9,21,35,44,47,48
17,18,27,38,39,40,47
9,20,21,22,25,26,37
3,4,21,33,38,44,45
11,12,22,33,37,48,49
8,14,31,36,39,46,47
2,3,6,13,37,42,46
3,12,17,22,29,31,48
1,3,22,30,31,37,40
1,16,24,28,30,31,47
4,16,19,32,35,36,38
1,8,15,16,32,39,40
8,14,16,17,29,41,42
5,12,15,23,26,38,41
5,27,34,37,39,41,47
9,11,14,21,22,24,41
22,23,24,25,37,40,49
7,30,32,40,47,48,50
11,19,22,26,33,46,48
3,4,10,11,26,28,40
25,28,32,41,42,44,45
3,12,25,36,37,42,49
9,18,23,36,39,43,48
8,9,19,26,27,31,46
9,10,13,21,40,41,43
2,15,21,29,40,47,50
3,6,9,22,29,38,39
3,9,10,14,15,19,20
5,20,21,22,32,37,41
5,9,10,25,27,29,38
5,7,22,29,32,37,39
3,4,13,14,30,36,41
2,11,16,18,19,20,25
9,16,17,18,21,22,27
4,5,8,15,27,41,48
7,14,15,35,36,49,50
5,6,27,37,38,46,48
2,9,10,35,41,42,47
10,14,15,25,27,39,48
21,27,30,32,33,36,46
15,32,36,40,41,43,48
4,7,14,37,48,49,50
3,6,19,23,33,40,45
14,17,20,34,38,45,49
14,15,19,22,31,36,39
21,24,26,31,36,48,49
3,12,18,25,43,46,50
2,27,30,39,44,45,49
4,10,12,27,30,44,46
2,11,14,21,23,34,36
7,11,16,21,31,36,44
5,6,36,39,40,46,48
5,16,19,23,30,37,48
10,13,14,24,28,47,48
3,8,12,14,17,18,29
8,18,20,24,31,37,39
3,4,11,19,30,39,40
13,27,34,36,38,45,50
1,6,12,13,19,23,38
14,23,28,29,30,33,48
19,20,23,29,35,40,47
2,12,14,15,26,34,39
7,11,19,30,42,43,50
9,11,17,19,35,36,43
2,10,20,30,32,35,50
3,8,14,15,24,33,48
13,14,18,22,42,44,47
5,9,23,29,30,31,37
5,13,23,25,27,32,44
15,16,33,36,38,43,49
1,14,16,22,32,39,45
3,5,10,18,26,33,46
5,7,15,18,35,37,45
10,20,24,25,32,39,46
10,17,18,22,23,25,34
6,11,16,18,23,26,40
1,4,6,9,25,31,43
3,21,29,37,40,43,44
17,18,22,27,29,31,34
1,3,11,13,19,22,46
18,24,31,38,44,46,50
20,31,35,36,39,42,44
1,15,19,31,40,41,43
3,9,25,26,28,34,38
3,22,26,32,38,42,43
9,15,26,36,39,41,47
2,4,17,39,40,43,46
4,16,21,32,44,45,50
1,15,16,20,27,38,50
4,5,24,25,43,44,50
6,8,11,13,28,42,48
5,9,33,36,39,41,44
5,7,19,28,32,35,44
5,6,8,15,22,46,47
9,17,23,37,44,46,48
22,24,25,26,29,32,46
1,5,38,39,42,47,49
10,25,31,34,36,39,45
19,22,28,30,36,38,39
11,20,23,24,26,41,44
4,6,10,15,24,40,43
11,15,17,20,24,25,50
4,8,11,16,28,29,44
1,15,21,29,30,31,33
11,14,17,21,23,26,36
3,13,19,25,28,30,37
10,13,31,32,36,40,41
1,4,8,28,32,36,43
6,14,26,31,34,36,45
7,11,36,37,38,43,46
2,14,15,23,27,44,45
11,16,17,20,42,44,50
1,6,13,15,38,42,49
4,11,20,22,37,44,49
18,23,28,32,34,44,50
4,8,13,23,25,33,39
7,19,22,28,34,41,42
6,29,34,39,42,47,50
4,9,10,26,27,29,37
9,11,15,19,20,35,41
2,3,8,18,31,39,50
4,21,23,39,40,42,50
9,24,27,33,40,44,48
16,17,31,34,36,39,41
2,3,5,12,21,22,37
9,17,21,23,36,41,48
2,16,21,33,39,42,47
2,20,21,30,31,39,45
1,2,16,21,23,25,28
10,12,19,22,25,32,42
1,3,20,21,27,28,44
6,11,25,31,36,41,49
2,9,16,17,21,22,32
2,23,24,29,40,48,49
6,31,33,34,43,44,46
1,2,32,37,38,39,45
18,23,31,32,36,38,43
2,6,13,19,21,32,40
6,12,20,24,40,42,47
3,19,22,30,32,37,40
8,15,21,28,29,30,39
7,22,25,26,35,41,45
5,13,14,16,17,29,49
7,21,23,25,31,34,45
6,7,11,21,23,27,41
2,9,15,23,26,30,41
5,8,15,20,25,26,47
1,7,13,14,22,42,48
11,17,24,34,41,42,48
2,12,31,34,39,48,49
9,10,16,23,24,39,49
2,3,4,8,9,20,30
10,15,16,17,19,27,38
18,31,38,45,46,47,48
8,9,12,20,22,27,30
25,28,31,36,42,44,49
3,9,15,16,19,45,48
1,3,5,10,16,27,43
3,12,21,34,37,38,41
2,4,18,19,20,39,44
3,5,7,11,13,20,29
12,17,22,27,28,29,35
2,9,18,33,36,40,49
9,11,23,33,35,36,42
8,11,14,17,26,30,36
6,8,12,19,20,25,49
1,4,5,22,25,32,34
1,11,20,32,41,42,44
3,5,17,23,28,43,46
3,10,16,28,31,38,47
18,23,28,37,44,45,47
12,25,27,29,34,44,45
2,11,17,18,22,25,39
7,10,13,19,24,31,41
4,13,23,30,31,37,43
11,22,28,33,39,43,47
1,11,15,16,20,29,39
8,9,11,17,37,39,41
6,14,16,22,30,42,45
1,8,9,22,29,30,32
7,18,29,30,41,45,46
1,12,18,19,21,24,41
7,12,15,23,35,43,49
13,24,29,31,35,36,42
13,18,20,26,32,35,47
7,25,26,28,32,36,37
13,17,24,32,33,44,45
5,14,22,23,35,40,49
6,19,24,25,36,37,39
3,8,9,24,28,31,44
7,8,13,19,23,32,40
9,18,25,30,39,40,43
1,8,16,19,26,34,41
1,3,13,15,28,36,49
22,23,26,35,37,39,47
13,16,19,21,24,26,30
8,14,17,27,28,30,48
1,17,31,33,39,46,49
26,28,33,38,42,43,47
5,11,20,22,35,38,46
3,15,22,23,33,47,49
5,12,18,26,29,31,37
16,17,18,20,40,42,43
1,14,15,16,24,39,49
1,4,12,27,35,38,46
8,14,16,17,18,34,41
10,17,25,27,29,34,38
1,6,14,23,38,40,47
2,10,37,38,39,43,47
15,20,24,30,39,44,46
1,2,15,16,22,29,41
1,7,18,28,31,39,48
18,19,23,34,39,43,46
2,9,13,16,25,26,45
13,14,19,26,27,36,37
1,4,11,17,27,36,37
9,12,16,24,33,45,47
2,11,12,25,33,39,44
2,4,11,17,26,41,42
4,8,13,16,26,33,38
7,24,26,36,37,43,44
2,3,6,22,24,42,46
1,5,20,33,34,41,42
7,11,20,21,22,37,47
11,12,25,28,33,41,43
14,16,18,21,38,44,49
8,11,18,25,34,35,38
11,25,26,28,38,44,45
11,14,20,22,26,35,43
10,14,22,36,38,44,45
3,4,13,16,35,47,49
23,25,29,30,42,44,45
8,12,14,34,37,44,48
1,2,12,15,22,25,41
16,19,21,32,37,39,45
2,5,6,7,8,33,45
1,11,15,20,36,41,47
3,7,20,25,29,31,44
1,17,19,23,28,29,47
5,9,14,24,33,37,46
11,16,19,22,24,38,41
8,19,24,28,34,42,48
1,3,8,22,29,38,47
4,10,21,28,29,37,45
2,8,24,30,31,38,40
10,13,18,19,38,47,48
5,10,14,19,31,33,47
1,5,11,26,28,30,41
2,9,27,32,38,39,43
11,17,24,26,34,35,39
5,8,20,21,29,40,47
2,11,20,22,31,35,47
7,10,21,24,38,40,49
8,14,18,20,24,39,46
4,23,29,36,39,44,46
3,5,19,29,33,34,44
33,34,36,42,44,45,47
14,18,22,25,36,39,44
8,9,12,24,29,36,37
4,12,17,21,32,38,42
3,13,24,36,39,44,45
7,12,14,15,27,34,44
4,10,11,27,29,32,41
1,12,15,22,25,45,48
3,10,17,19,26,27,42
19,22,25,32,37,45,47
5,7,15,18,19,27,28
4,6,10,20,40,46,47
11,15,25,26,39,47,49
9,26,28,32,37,40,45
19,30,31,36,40,44,49
1,8,16,25,30,42,48
10,12,14,28,36,39,45
2,17,22,24,26,42,48
1,16,20,29,33,44,46
5,11,15,26,27,33,39
12,21,28,37,40,43,47
1,14,16,20,26,32,34
16,17,19,22,31,47,49
3,6,8,17,21,28,34
1,8,10,24,26,37,45
11,21,22,24,26,36,43
13,16,20,35,37,43,49
1,9,17,19,25,27,38
9,12,13,14,28,39,41
5,6,27,28,31,41,45
1,6,15,32,42,45,46
6,8,15,24,26,39,44
9,17,27,30,31,34,42
4,14,24,41,42,44,48
6,9,22,23,36,38,47
2,11,20,22,33,40,43
19,20,26,31,34,39,48
6,7,8,9,17,23,30
5,11,14,17,28,41,47
20,21,22,34,42,43,45
7,26,27,31,32,33,42
13,15,21,24,25,36,48
6,10,13,14,25,41,46
5,8,9,12,22,39,45
6,20,28,29,30,31,46
7,12,28,34,45,46,48
8,15,24,25,27,36,43
4,8,9,20,23,45,46
12,21,28,34,36,45,48
7,11,19,38,40,41,42
1,10,12,20,29,35,47
2,11,19,38,43,45,49
2,7,12,28,29,38,48
9,14,19,21,31,32,40
8,11,14,23,26,42,47
10,12,24,26,34,43,47
1,7,15,18,21,30,45
13,16,17,21,35,40,46
21,22,27,30,39,42,44
7,8,15,19,36,37,41
2,4,5,17,29,39,41
3,13,15,22,33,41,49
1,15,17,25,34,40,41
5,13,20,37,39,40,41
2,5,27,32,35,42,46
2,4,11,19,28,29,38
23,24,29,36,42,43,49
12,14,23,25,31,38,40
1,6,30,40,46,47,49
2,4,16,23,30,32,46
7,14,15,16,21,30,41
4,7,11,19,34,38,48
2,10,13,16,30,33,48
1,30,38,39,44,45,47
1,4,21,24,29,30,46
16,23,24,25,40,46,47
1,7,17,27,32,44,48
6,18,20,37,40,44,46
3,37,38,40,42,43,46
7,11,14,15,19,30,41
7,8,16,18,24,25,46
10,11,23,28,32,34,41
3,7,15,23,29,31,45
7,10,16,35,36,42,45
2,8,10,15,17,20,24
2,8,9,10,24,26,41
4,12,16,27,37,39,44
26,34,38,41,46,48,49
6,9,18,22,25,32,44
1,5,7,13,14,33,46
10,15,21,28,32,36,37
1,14,15,18,26,42,48
6,29,30,31,36,42,45
3,7,12,18,31,33,35
8,9,14,19,28,31,46
15,20,29,39,40,43,46
3,6,13,17,22,25,43
2,14,30,34,38,47,48
10,14,15,16,42,45,48
3,4,7,12,17,26,34
6,18,19,26,37,39,47
2,5,7,13,15,30,38
1,3,6,8,14,20,30
3,12,25,30,42,44,45
8,27,30,32,34,35,42
18,19,32,36,38,40,43
5,13,18,28,31,38,44
7,15,24,25,27,43,47
2,3,5,18,37,38,46
4,7,8,10,16,20,36
5,6,8,13,24,37,46
3,8,11,20,28,36,38
1,23,26,33,35,38,42
13,16,22,26,35,36,39
9,16,17,27,32,38,47
6,9,16,19,20,24,30
1,2,5,10,11,25,34
7,9,24,30,35,42,43
1,3,16,33,34,40,42
1,6,10,16,18,21,31
5,10,11,20,26,38,46
4,6,7,16,18,40,46
12,17,32,36,43,44,49
12,16,24,29,36,40,47
3,5,17,30,36,47,49
2,5,10,11,23,25,31
3,11,16,24,31,39,43
12,13,16,30,32,35,37
5,7,29,35,39,41,49
6,15,18,19,25,44,46
3,9,24,25,28,36,40
9,16,24,30,39,40,45
1,3,14,33,35,39,45
19,30,33,34,36,41,48
8,15,16,21,31,37,39
1,2,4,21,23,35,40
3,4,5,7,31,33,40
1,6,7,16,22,31,33
4,7,20,22,26,28,29
1,10,16,23,29,35,39
6,8,11,16,17,19,24
13,19,37,38,40,43,48
6,10,16,27,38,40,45
7,10,15,23,30,36,44
4,9,18,32,35,38,40
12,28,31,38,40,41,45
7,16,31,35,39,44,48
1,6,9,11,17,37,39
2,13,18,24,27,37,43
6,16,24,32,36,45,47
3,4,11,18,37,42,44
3,6,19,31,34,42,45
2,24,35,38,39,41,48
1,3,10,15,25,28,31
7,8,10,15,24,26,41
11,12,16,22,30,32,49
13,16,24,29,33,40,49
10,26,28,33,34,35,40
7,8,9,16,21,28,48
12,16,19,20,28,34,42
10,11,18,24,26,42,47
2,14,15,24,40,43,44
2,6,12,15,16,22,49
1,7,23,36,37,39,41
6,19,20,25,31,35,36
5,6,10,17,22,36,48
2,6,20,22,30,34,49
6,15,19,26,43,44,49
2,9,23,29,30,34,43
5,9,12,18,24,35,42
3,17,19,20,34,35,43
14,16,17,36,45,46,48
5,12,15,39,44,46,49
2,7,15,38,43,44,47
2,9,12,13,27,28,36
2,12,15,18,21,22,25
5,19,24,34,35,38,43
5,7,10,15,22,45,47
9,19,21,24,39,43,48
8,18,21,27,33,46,49
3,10,19,21,27,35,36
4,6,21,26,30,34,35
10,13,15,18,25,36,47
2,3,8,20,28,31,34
3,6,37,40,42,44,48
2,14,15,17,24,38,40
8,11,12,13,22,33,47
7,12,16,19,21,24,47
9,16,17,19,22,41,43
9,15,17,28,35,39,41
1,2,5,6,38,39,46
5,12,24,31,39,45,49
14,23,24,25,28,41,45
3,8,13,30,38,45,47
5,9,10,32,37,44,46
1,18,19,29,31,32,46
8,16,17,28,32,34,47
2,25,26,37,39,48,49
3,6,16,23,27,28,34
1,9,25,28,32,41,48
7,8,17,18,20,40,41
3,6,10,33,39,48,49
5,11,22,29,38,42,49
3,10,13,23,31,41,45
6,8,10,17,28,29,38
1,5,9,19,27,35,48
8,9,11,22,24,42,46
1,2,5,26,29,36,47
3,4,20,25,30,35,48
1,2,3,15,22,37,41
5,7,12,15,35,45,47
1,12,23,27,30,31,37
5,6,32,33,39,42,47
7,8,10,11,19,34,45
2,27,30,31,37,46,47
11,14,18,20,37,41,46
5,12,13,28,33,37,43
2,3,5,22,23,32,33
18,19,22,27,29,36,47
2,15,18,19,22,27,49
1,2,18,26,27,39,42
2,20,25,26,46,47,48
4,7,29,35,39,43,44
3,13,14,23,33,36,45
14,26,31,34,37,45,48
10,14,20,28,35,40,42
1,12,20,22,30,34,38
8,11,20,28,36,43,47
9,10,16,24,26,44,48
4,7,13,24,26,27,43
1,2,3,6,12,20,41
3,4,13,15,21,29,48
1,6,7,24,31,36,39
3,5,6,25,37,43,45
3,23,28,40,42,43,45
14,15,16,19,30,36,46
2,6,11,12,16,39,45
15,18,19,25,32,42,49
3,11,12,19,35,45,47
6,18,21,23,24,32,48
5,7,18,24,28,41,49
7,18,19,29,39,47,48
4,13,14,15,34,46,47
6,17,23,24,25,31,38
1,15,26,28,31,39,49
1,5,25,35,38,44,47
2,8,12,14,33,37,47
8,24,28,34,37,43,45
9,15,21,23,41,43,44
6,15,18,26,41,46,48
1,2,8,13,22,45,46
2,13,22,28,35,41,42
3,4,9,25,26,37,39
11,24,26,31,42,44,46
3,11,18,19,23,27,44
23,29,33,34,39,44,48
8,10,15,24,30,35,49
8,17,27,28,39,44,49
5,7,9,25,31,37,39
5,8,13,15,27,28,37
2,4,18,20,29,38,41
6,23,27,30,34,38,45
1,3,7,19,31,39,49
12,13,24,25,26,41,43
5,6,7,12,14,18,25
8,16,24,27,30,38,40
12,18,22,24,28,43,49
6,8,15,20,30,32,42
2,3,8,13,18,20,23
6,11,12,14,35,43,44
4,14,24,41,43,46,49
4,15,21,30,33,35,47
11,17,18,20,22,29,45
1,2,3,17,24,35,36
4,13,23,28,32,40,42
3,7,8,12,18,24,41
17,22,28,38,41,43,45
15,18,20,28,29,40,47
2,9,10,15,29,44,48
2,7,14,16,22,27,47
8,11,12,25,28,30,33
8,21,28,32,33,34,48
5,9,19,20,21,28,30
7,12,14,18,30,45,47
7,8,14,32,38,42,44
6,19,24,25,26,35,36
1,13,20,24,39,45,47
7,19,34,35,38,42,46
3,12,14,15,25,32,49
13,18,25,41,44,48,49
5,6,11,12,24,26,34
1,4,22,25,26,36,46
2,5,10,21,25,35,49
2,3,4,20,22,40,43
3,18,27,29,32,33,35
3,14,19,30,32,39,46
3,7,12,16,20,42,48
4,6,13,19,26,29,47
1,3,13,18,19,39,48
7,10,14,20,21,23,31
2,18,19,29,42,47,49
2,6,10,12,24,30,37
2,10,13,15,23,28,49
2,7,10,22,32,34,38
8,23,25,26,33,41,43
1,16,28,29,33,37,47
7,9,12,20,28,38,44
1,10,13,26,43,46,49
12,21,23,27,28,29,37
4,13,25,29,36,40,48
13,15,17,18,19,47,49
7,10,24,30,35,36,39
2,6,21,26,28,33,47
12,15,19,20,28,29,39
3,14,17,25,30,33,39
3,4,5,8,13,22,33
10,12,13,25,28,29,41
9,22,25,30,31,39,42
2,5,6,43,46,47,48
4,17,27,32,34,39,47
12,17,27,28,31,36,48
3,14,26,27,29,32,34
4,5,7,8,18,30,35
19,25,27,29,30,36,46
1,5,6,32,36,38,44
5,7,11,40,41,47,48
17,19,26,29,34,35,38
10,14,26,34,43,47,48
9,10,19,24,28,30,31
9,19,25,26,29,30,44
5,22,28,31,39,46,48
5,6,26,29,34,36,43
2,7,12,25,29,32,35
3,18,27,30,33,40,45
11,18,23,24,27,28,39
14,16,30,35,36,45,49
7,17,19,23,31,36,41
3,6,10,14,19,25,33
1,3,4,5,16,32,33
8,11,16,21,24,28,41
6,7,17,20,32,44,49
11,16,29,30,31,33,42
4,9,12,15,28,29,43
3,11,12,16,34,36,37
1,3,6,34,37,42,45
17,18,19,21,32,40,49
5,8,18,22,32,39,45
2,27,30,32,35,36,38
4,23,27,32,35,43,47
9,12,17,23,24,42,47
10,19,25,29,39,41,42
16,17,22,24,40,41,47
17,26,30,32,34,39,41
12,17,22,30,34,43,49
8,17,21,23,24,28,39
7,9,13,18,27,33,44
8,9,12,13,29,30,31
8,10,15,17,33,34,35
1,4,5,7,22,29,48
1,6,13,19,32,35,40
11,15,24,26,37,38,43
2,8,28,30,36,39,42
8,18,27,28,38,41,48
2,7,8,11,16,17,18
6,9,10,14,17,18,19
4,7,10,12,23,25,36
4,10,18,20,31,35,44
5,15,25,38,42,46,47
8,27,28,29,31,32,35
5,17,19,25,31,38,46